4970 158794 
4970 144911 
4970 144911 
50244 158794 
4970 144911 
682 50244 
104075 81043 
144911 50244 
121978 144911 192265 
50244 52482 147093 
121978 144911 192265 
144911 151945 209772 
4970 144911 
50244 192265 
4970 144911 84571 
4970 144911 129105 
2529 50244 89075 158794 
144911 192265 134754 187596 
4970 144911 
50244 67197 
100785 144911 147093 
50244 192265 129105 
121978 144911 192265 
50244 104132 158794 
682 50244 
104075 124079 
121978 144911 192265 203891 
33050 104075 160904 198526 
144911 147260 
50244 89075 
4970 144911 129105 
50244 104075 207286 
4970 144911 
4970 144911 
4970 144911 
11007 202767 
682 50244 192265 
206312 181071 235925 
4970 144911 
121978 144911 
4970 144911 
144911 192265 
4970 144911 
682 50244 
4970 144911 
22125 50244 
50244 158794 209772 198526 
144911 64810 147093 198526 
4970 144911 
144911 193518 
144911 104075 147093 
50244 89075 
144911 104075 
4970 144911 
2529 50244 89075 158794 
144911 202767 242728 220896 
50244 104075 181071 
50244 150522 202767 198526 
50244 108983 
50244 89075 158794 
144911 123702 
12875 144911 
50244 170521 
50244 170521 
50244 89075 
50244 209772 
209162 118924 84571 
144911 192265 158794 
78453 89860 
50244 192265 
50244 89075 
682 50244 
50244 171110 134754 147093 
4970 144911 158794 170521 
4970 144911 198526 
144911 147260 42200 
50244 89075 
220948 202767 
144911 147260 
50244 173581 
104075 64810 79700 
39456 142493 158794 
50244 89075 
50244 64810 
4970 144911 
50244 151718 
144911 53998 104075 
682 50244 192265 
4970 144911 242404 
65374 144911 104075 
104075 125861 
78453 89860 
682 50244 192265 
2529 50244 89075 158794 
50244 89075 158794 
4970 144911 209772 
121978 144911 192265 203891 
33050 67197 104075 198526 
104075 134754 
4970 144911 
682 50244 
144911 104075 
52482 147093 198526 
682 50244 192265 
121978 144911 165390 192265 
50244 104075 198526 209030 
2529 50244 89075 158794 
33050 67197 156008 227246 
144911 209772 198526 
144911 9246 57626 
30506 104075 120777 
682 50244 192265 
144911 192265 134754 240588 
50244 170521 192265 219728 
104075 131335 
27253 50244 
682 50244 192265 
4970 144911 181071 198526 
4970 144911 242404 
682 50244 192265 
121978 144911 192265 244324 
50244 104075 209162 217204 
144911 192265 
104075 104075 
50244 170521 192265 
104075 244231 124079 
50244 104075 142429 
50244 158794 198526 
39456 158794 
144911 192265 
4970 144911 192265 228846 
50244 192265 50244 192265 
144911 104075 
121978 144911 192265 
144911 209162 163676 
104075 64810 147093 
6537 144911 
144911 104075 
50244 192265 202767 
50244 192265 198526 
121978 144911 192265 
117454 144911 188670 
75360 50244 192265 
50244 89075 144911 
144911 132728 
50244 209772 
104075 64810 
50244 89075 
50244 89075 
50244 89075 
50244 209772 
144911 158794 
104075 209162 208522 199917 
50244 192265 163676 163676 
4970 144911 
50244 209772 
4970 144911 
50244 104075 
50244 209162 
50244 192265 
50244 190252 
144911 52482 
4970 144911 147093 198526 
682 50244 89075 158794 
144911 209162 124455 
144911 198766 
50244 209772 198526 235389 
144911 147260 230480 220896 
158794 144911 147093 
65374 144911 199917 
17346 50244 158794 
682 50244 79910 
50244 158794 188670 
49053 104075 198526 
50244 158794 
4970 144911 
121978 144911 192265 235389 
682 50244 192265 
50244 209772 198526 195839 
86970 144911 192265 198526 
4970 144911 
682 50244 
206312 104075 173261 
65374 144911 147093 
144911 144987 
50244 202767 
22046 71192 179550 
50244 224347 198526 
50244 132681 
50244 158794 
50244 209772 
144911 202767 
50244 202767 
50244 209772 
50244 67197 
50244 71083 
104075 87159 104075 
144911 231748 198526 
104075 181071 198526 
50244 89075 158794 
